128 faces eq points

x_g =

  -0.047267068208663
  -0.711910165605762
  -0.006530816062979
  
  x_g =

  -0.051149748747162
   0.717556362415079
  -0.010312041652801
  
  
x_g =

   0.885397613673999
  -0.018741452800241
  -0.032575003712589
  
  
x_g =

  -0.924819138900432
  -0.104399252020345
  -0.030574575168436
  

3300 faces eq points


x_g =

  -0.042585679397874
  -0.732461272286411
  -0.003054658346445
  
x_g =

  -0.040515389689978
   0.740501873431923
  -0.008696928769924
  

x_g =

   0.907090043940966
  -0.022602764352837
  -0.034796038735949
  
x_g =

  -0.950199502409406
  -0.129643932614220
  -0.030261376942326